109,137
7,14,21                                 
7,21                                    
7,14,28                                 
16,32                                   
14,42                                   
14,21,28,35,42                          
14,28,42                                
21,28,35                                
21,35                                   
14,28,45                                
14,45                                   
21,28,42                                
15,45                                   
21,28,35,42                             
16,48                                   
10,36,51                                
17,48                                   
20,46                                   
21,28,35,42,49                          
15,30,45,60                             
11,39,70                                
13,44,74                                
36,43,50                                
15,45,75                                
20,30,40,50,60,70                       
30,40,60                                
30,45,60                                
30,60                                   
30,40,50,60                             
25,35,45,55,65                          
15,46,76                                
15,30,45,60,75,90,105                   
34,65                                   
23,54                                   
28,35,42,49,56,63,70,77,84,91           
45,52,59,66,73                          
25,56,86                                
24,55,85                                
40,80                                   
30,40,50,60,70,80,90                    
40,60,80                                
30,60,90                                
30,90                                   
45,75                                   
45,60,75                                
30,45,60,75,90                          
36,66,96                                
30,45,60,75,90,105                      
45,90                                   
45,70,90                                
148,179,210                             
39,69,100                               
58,88                                   
30,60,90,120                            
60,75,90                                
60,90                                   
45,75,105                               
45,60,75,90,105                         
38,69,99                                
30,60,75,90,105,120                     
60,75,90,105                            
30,45,60,75,90,105,120,135              
55,85,115                               
30,45,60,75,90,105,120,135,150          
45,60,75,90,105,120,135                 
30,60,90,120,150                        
60,90,120                               
60,75,90,105,120                        
75,105                                  
60,120                                  
75,90,105                               
45,75,90,105,120,135                    
45,60,75,90,105,120,135,150             
90,105,135                              
75,90,105,135                           
30,60,90,120,150,180                    
90,120,150                              
90,105,120,135,150                      
105,135                                 
60,90,120,150,180,210,240               
120,135,150,165,180                     
30,60,90,120,150,180,210,240,270        
150,180,210                             
75,105,135                              